lgbm:
  n_estimators: 143
  learning_rate: 0.04553379780081901
  max_depth: 7
  num_leaves: 68
  min_child_samples: 10
  subsample: 0.6501224550942856
  colsample_bytree: 0.5631776747620281
  reg_alpha: 2.2274711980288506
  reg_lambda: 6.909896154091566

xbm:
  n_estimators: 163
  learning_rate: 0.06309668617508277
  max_depth: 9
  min_child_weight: 7
  subsample: 0.586210632292616
  colsample_bytree: 0.8812854268086241
  gamma: 2.9928768761815827
  reg_alpha: 0.24975794292360853
  reg_lambda: 1.7074893487795295

lasso:
  alpha: 6.904417155280091
  max_iter: 1793
  tol: 0.00010437404182236247

ridge:
  alpha: 9.992108227583062
  max_iter: 765
  tol: 0.00021324840493544453

knn:
  n_neighbors: 20
  weights: "uniform"
  algorithm: "brute"
  leaf_size: 10
  p: 1

rf:
  n_estimators: 89
  max_depth: 5
  min_samples_split: 5
  min_samples_leaf: 4
  max_features: "log2"

gb:
  n_estimators: 229
  learning_rate: 0.2965739495794222
  max_depth: 9
  min_samples_split: 19
  min_samples_leaf: 5
  subsample: 0.9387374764635517
  max_features: "log2"

hgb:
  max_iter: 89
  learning_rate: 0.13468764786887827
  max_depth: 7
  min_samples_leaf: 3
  max_leaf_nodes: 14
  l2_regularization: 5.198177945399074
